Mean molecule area A2/molecule	Surface pressure, mN/m	Cs-1, mN/m
297,79	0,6754	4,19884
297,54	0,6725	4,04357
297,1	0,67182	3,88904
296,67	0,67382	3,73211
296,27	0,67656	3,57598
295,83	0,67882	3,42275
295,43	0,68404	3,26746
294,99	0,68826	3,11214
294,58	0,6875	2,95758
294,15	0,69088	2,80619
293,75	0,6969	2,65256
293,31	0,6989	2,60753
292,91	0,70378	2,51903
292,47	0,7054	2,4158
292,03	0,70928	2,33332
291,63	0,71232	2,22805
291,19	0,70758	2,16645
290,79	0,70568	2,18674
290,35	0,71148	2,14859
289,95	0,70984	2,04415
289,51	0,7069	2,08447
289,11	0,71108	2,25795
288,67	0,71518	2,39596
288,27	0,71898	2,66361
287,83	0,72294	2,96465
287,43	0,72322	3,26233
286,99	0,72838	3,55007
286,59	0,73286	3,7314
286,15	0,72944	3,83155
285,75	0,72982	3,9805
285,32	0,73998	3,98021
284,91	0,7471	3,86908
284,47	0,74768	3,81474
284,03	0,75594	3,75204
283,63	0,7616	3,70137
283,2	0,7626	3,74674
282,8	0,76428	3,73579
282,35	0,76744	3,69879
281,96	0,77006	3,70213
281,51	0,77344	3,61177
281,12	0,77138	3,4128
280,68	0,7733	3,35693
280,28	0,77926	3,35775
279,84	0,78084	3,40565
279,44	0,78424	3,53771
279	0,79278	3,66885
278,6	0,79562	3,7806
278,15	0,79554	3,89132
277,72	0,79982	3,94362
277,32	0,80408	3,98509
276,88	0,80368	4,07567
276,48	0,8095	4,03108
276,04	0,81274	3,95565
275,64	0,82178	3,93614
275,2	0,8259	3,86381
274,8	0,8266	3,80873
274,36	0,83068	3,8575
273,96	0,83568	3,87105
273,52	0,83534	3,79646
273,12	0,83836	3,73901
272,68	0,8451	3,68936
272,28	0,84498	3,60499
271,84	0,84804	3,63994
271,44	0,85292	3,6373
271	0,85486	3,8211
270,6	0,8598	4,02112
270,16	0,86512	4,17127
269,76	0,86674	4,23523
269,32	0,86782	4,34413
268,92	0,8715	4,38877
268,48	0,87466	4,4165
268,08	0,87958	4,51179
267,64	0,88904	4,6382
267,25	0,891	4,77576
266,8	0,90214	4,85576
266,4	0,90674	4,94438
265,96	0,91042	5,00537
265,56	0,90832	5,08016
265,12	0,91384	5,14333
264,72	0,91746	5,18322
264,29	0,9212	5,2303
263,89	0,92682	5,28572
263,45	0,93746	5,3533
263,05	0,94402	5,5109
262,6	0,94436	5,63802
262,17	0,95194	5,87785
261,76	0,95408	6,10948
261,33	0,95874	6,38691
260,93	0,96558	6,55195
260,49	0,9726	6,66073
260,09	0,97948	6,81176
259,65	0,98742	6,89371
259,25	0,99442	6,9142
258,81	1,00186	7,0034
258,41	1,00884	7,15537
257,97	1,01682	7,22058
257,53	1,02238	7,40399
257,13	1,03352	7,55448
256,69	1,03992	7,67246
256,29	1,04294	7,76302
255,85	1,0549	7,81622
255,45	1,0595	7,8883
255,02	1,06262	7,96682
254,61	1,06968	8,02531
254,17	1,08014	8,1919
253,78	1,0872	8,31129
253,33	1,10198	8,43082
252,93	1,11202	8,59709
252,5	1,1205	8,8678
252,09	1,12712	9,10801
251,65	1,1327	9,379
251,26	1,1424	9,73381
250,82	1,15066	10,01775
250,38	1,15788	10,26308
249,98	1,17408	10,50666
249,53	1,18002	10,75973
249,14	1,18864	11,12161
248,7	1,20308	11,60186
248,3	1,21708	12,15925
247,86	1,2261	12,71522
247,46	1,2438	13,22674
247,02	1,25714	13,59104
246,62	1,26704	13,91183
246,18	1,28156	14,21689
245,78	1,29548	14,56001
245,34	1,30744	15,01971
244,94	1,33066	15,47531
244,5	1,34824	15,93896
244,1	1,3679	16,42549
243,66	1,38428	16,87102
243,26	1,3998	17,28362
242,82	1,40988	17,69429
242,42	1,42354	18,06756
241,98	1,44146	18,39774
241,58	1,4654	18,78768
241,14	1,4879	19,17304
240,74	1,51248	19,54087
240,3	1,53708	20,09869
239,9	1,55768	20,73936
239,46	1,57504	21,41012
239,02	1,598	22,13325
238,63	1,61606	22,86314
238,18	1,63554	23,46073
237,78	1,65938	23,95871
237,35	1,68722	24,4067
236,95	1,71254	24,88212
236,5	1,7396	25,38591
236,07	1,77264	25,93229
235,67	1,80418	26,51052
235,23	1,8311	27,11026
234,79	1,86388	27,65122
234,38	1,89504	28,13966
233,95	1,92342	28,54658
233,54	1,95162	28,91926
233,1	1,9808	29,28435
232,66	2,0107	29,68044
232,26	2,04342	30,10554
231,82	2,0753	30,56547
231,38	2,1071	31,09053
230,99	2,14376	31,67104
230,55	2,17862	32,22397
230,11	2,20924	32,839
229,71	2,24422	33,5055
229,27	2,28252	34,15206
228,83	2,32098	34,76614
228,43	2,35918	35,34954
227,99	2,40072	35,9107
227,55	2,44322	36,47854
227,15	2,4827	37,02091
226,71	2,52326	37,5137
226,27	2,5641	37,99526
225,87	2,60684	38,42952
225,43	2,65074	38,76945
224,99	2,69404	39,09201
224,59	2,73782	39,43576
224,15	2,78124	39,81128
223,71	2,82736	40,19398
223,31	2,87388	40,62009
222,87	2,91908	41,02814
222,43	2,96524	41,46318
222,03	3,01002	41,91038
221,59	3,05362	42,37909
221,15	3,10034	42,86329
220,75	3,14956	43,42373
220,31	3,19928	43,97388
219,87	3,25202	44,4819
219,47	3,30398	44,98477
219,03	3,35612	45,47939
218,6	3,404	45,97814
218,2	3,45934	46,48969
217,75	3,51284	47,00569
217,32	3,56948	47,4779
216,91	3,62458	47,83733
216,47	3,6844	48,09098
216,08	3,73996	48,30901
215,63	3,79292	48,48009
215,19	3,84974	48,67383
214,8	3,90608	48,84337
214,36	3,96326	49,06486
213,92	4,02318	49,20374
213,51	4,08422	49,3507
213,08	4,14304	49,45161
212,64	4,19798	49,63018
212,24	4,2525	49,76391
211,79	4,3095	49,95703
211,36	4,36786	50,1832
210,96	4,4287	50,44476
210,51	4,48604	50,76238
210,08	4,55276	51,12087
209,68	4,61228	51,52047
209,24	4,67264	52,0338
208,8	4,7314	52,59254
208,4	4,79812	53,14408
207,96	4,85564	53,68071
207,52	4,91952	54,20215
207,12	4,98474	54,66518
206,68	5,05352	55,09675
206,24	5,1234	55,50743
205,84	5,19224	55,89791
205,4	5,26132	56,26522
204,96	5,33686	56,56896
204,56	5,40528	56,81859
204,13	5,47144	57,04617
203,68	5,54366	57,23001
203,28	5,61718	57,36358
202,85	5,68468	57,46538
202,4	5,75634	57,54434
202	5,8264	57,58616
201,57	5,90054	57,69538
201,13	5,9675	57,79672
200,72	6,03778	57,96794
200,28	6,10804	58,25144
199,84	6,18584	58,5831
199,41	6,25426	58,89176
199	6,3307	59,23633
198,56	6,40574	59,58388
198,12	6,4812	59,86394
197,72	6,55046	60,16026
197,29	6,63036	60,50687
196,85	6,70514	60,92704
196,45	6,78626	61,29829
196,01	6,86748	61,69611
195,57	6,9501	62,07392
195,17	7,0295	62,48172
194,73	7,10892	62,7829
194,33	7,18608	63,12616
193,89	7,26212	63,4253
193,45	7,3417	63,676
193,05	7,42922	63,79916
192,61	7,51552	63,94074
192,17	7,59776	64,0003
191,77	7,6874	64,09145
191,33	7,77336	64,21609
190,89	7,8562	64,40819
190,49	7,93892	64,61421
190,05	8,02642	64,83746
189,61	8,11056	65,03054
189,21	8,19336	65,24907
188,77	8,27464	65,42202
188,33	8,36234	65,6443
187,93	8,44526	65,95403
187,49	8,53196	66,24584
187,05	8,62208	66,558
186,62	8,7134	66,91073
186,21	8,80266	67,27767
185,78	8,89592	67,64436
185,38	8,98696	68,06041
184,94	9,08466	68,47034
184,49	9,17612	68,87012
184,09	9,2688	69,23809
183,65	9,36524	69,54458
183,21	9,45974	69,79202
182,82	9,54962	70,00543
182,37	9,64532	70,15409
181,94	9,7422	70,26705
181,54	9,84096	70,35038
181,1	9,9391	70,4316
180,66	10,03894	70,51521
180,26	10,14034	70,6511
179,82	10,24068	70,79873
179,38	10,3361	70,9717
178,97	10,43628	71,20142
178,54	10,5346	71,44635
178,1	10,6316	71,63894
177,69	10,72768	71,76721
177,26	10,8267	71,9197
176,82	10,92794	72,12134
176,42	11,03148	72,3816
175,98	11,13248	72,72901
175,53	11,23962	73,22761
175,14	11,34704	73,79699
174,7	11,45386	74,33136
174,26	11,56124	74,88823
173,86	11,66766	75,42916
173,42	11,76618	75,92674
172,98	11,87516	76,44505
172,58	11,98598	76,90165
172,14	12,09718	77,35627
171,75	12,21482	77,86802
171,3	12,33826	78,33206
170,86	12,45288	78,74937
170,46	12,56808	79,27583
170,02	12,68396	79,76998
169,59	12,79728	80,2466
169,18	12,91438	80,70224
168,74	13,0396	81,05932
168,31	13,15352	81,38462
167,86	13,27698	81,74614
167,46	13,40198	82,20444
167,03	13,52624	82,80512
166,58	13,64228	83,61483
166,19	13,77494	84,53088
165,74	13,89926	85,47875
165,3	14,02338	86,50314
164,91	14,14948	87,52763
164,47	14,28012	88,51775
164,03	14,40756	89,60467
163,63	14,54476	90,64938
163,19	14,68676	91,68993
162,79	14,83492	92,77565
162,35	14,98704	93,81395
161,9	15,1351	94,75845
161,47	15,28462	95,805
161,07	15,43762	96,78213
160,63	15,58624	97,66304
160,23	15,73618	98,47576
159,79	15,89254	99,20402
159,35	16,04584	99,77063
158,95	16,20228	100,37851
158,51	16,36074	100,94709
158,07	16,51784	101,60582
157,67	16,67958	102,39405
157,23	16,849	103,23879
156,79	17,01004	104,14933
156,39	17,1767	105,19417
155,95	17,34288	106,19415
155,51	17,512	107,17438
155,11	17,67626	108,18147
154,67	17,85448	109,13825
154,23	18,02832	110,06007
153,83	18,21098	111,05757
153,4	18,39448	111,98967
152,96	18,5832	112,91813
152,56	18,7723	113,81434
152,12	18,9669	114,55092
151,71	19,155	115,14486
151,28	19,34536	115,59456
150,83	19,53506	115,85554
150,44	19,72876	115,97269
150	19,92156	115,968
149,56	20,12584	115,82824
149,11	20,32506	115,58858
148,71	20,52898	115,35286
148,28	20,72092	115,0549
147,87	20,91514	114,76339
147,44	21,10214	114,47831
146,99	21,2961	114,20241
146,59	21,48402	113,94294
146,15	21,67646	113,70032
145,72	21,87004	113,49548
145,27	22,06346	113,3382
144,87	22,25404	113,29413
144,44	22,4521	113,27707
144	22,64536	113,30352
143,6	22,84254	113,31476
143,16	23,03818	113,23813
142,72	23,2418	113,11416
142,32	23,43816	113,0035
141,88	23,64496	112,78751
141,44	23,84702	112,52118
141	24,05544	112,23318
140,6	24,25384	111,88526
140,16	24,4546	111,41038
139,72	24,65038	110,88878
139,32	24,84524	110,35816
138,88	25,03682	109,73603
138,44	25,23722	109,07826
138,04	25,43494	108,47183
137,6	25,63232	107,79997
137,16	25,82874	107,10139
136,76	26,02818	106,40475
136,32	26,2187	105,67117
135,88	26,41148	104,84908
135,44	26,60282	103,94207
135,04	26,79952	102,76274
134,6	26,98964	101,42918
134,16	27,18388	100,04445
133,76	27,37686	98,78711
133,32	27,56942	97,62357
132,92	27,75114	96,84152
132,53	27,93502	96,24726
132,12	28,1135	95,80946
131,68	28,28802	95,38109
131,28	28,458	95,00996
130,89	28,5995	94,63478
130,45	28,76154	94,25012
130,01	28,93402	93,81652
129,57	29,1166	93,36166
129,17	29,3037	92,95461
128,73	29,524	92,58262
128,29	29,72276	92,19176
127,89	29,91744	91,79944
127,49	30,10114	91,39758
127,09	30,28138	90,90621
126,69	30,4562	90,31477
126,29	30,62904	89,43732
125,89	30,79554	88,39366
125,45	30,95926	87,20908
125,04	31,12716	86,06628
124,65	31,29976	84,91657
124,25	31,47002	83,97188
123,85	31,63516	83,14051
123,41	31,80716	82,37618
123,01	31,971	81,65896
122,57	32,13672	80,97342
122,17	32,3052	80,32189
121,77	32,47148	79,66072
121,37	32,63478	78,98031
120,97	32,80614	78,23493
120,57	32,96538	77,43608
120,17	33,12114	76,624
119,77	33,27926	75,7665
119,37	33,43454	74,8056
118,97	33,58704	73,7495
118,57	33,74604	72,58618
118,17	33,90108	71,34868
117,77	34,05332	70,08139
117,38	34,20928	68,8105
116,98	34,35958	67,57233
116,58	34,5061	66,40863
116,17	34,6514	65,31426
115,77	34,7912	64,3195
115,37	34,92464	63,38659
114,97	35,04794	62,56208
114,57	35,17372	61,82312
114,18	35,29838	61,20162
113,73	35,42338	60,6306
113,34	35,54968	60,12914
112,94	35,68302	59,68653
112,54	35,81042	59,21405
112,14	35,94712	58,63913
111,74	36,08856	57,9763
111,33	36,22066	57,1802
110,94	36,36158	56,19333
110,54	36,5001	54,97375
110,14	36,63464	53,58641
109,74	36,76664	52,00798
109,34	36,89158	50,29859
108,94	37,01452	48,45542
108,54	37,12428	46,52676
108,14	37,2218	44,49096
107,74	37,3178	42,37199
107,34	37,40794	40,26753
106,94	37,4872	38,13694
106,51	37,56726	36,07707
106,11	37,65026	34,13346
105,67	37,7257	32,30332
105,27	37,80606	30,63041
104,84	37,87998	29,12665
104,43	37,94892	27,82851
104	38,01386	26,67704
103,56	38,0667	25,63835
103,16	38,12288	24,71198
102,72	38,17392	23,81871
102,32	38,22592	22,96572
101,93	38,27684	22,11983
101,53	38,32674	21,27866
101,09	38,37468	20,43433
100,69	38,42874	19,60535
100,26	38,4819	18,77569
99,82	38,5342	17,95163
99,42	38,58786	17,14001
99,02	38,63663	16,33533
98,62	38,6761	15,53561