AlphA. deg.	Ni Ka XRF, A.u. curve 2	Simulated fitting curve 3	Total external reflection, A.u.	AlphA. deg.	Ni Ka XRF, A.u. curve 4	Simulated fitting curve 5
0,024	0,00828	0,01744	0,99763	0,024	0,03906	0,02125
0,025	0,00894	0,01823	0,99758	0,025	0,03348	0,02221
0,026	0,0096	0,01939	0,99752	0,026	0,0279	0,02361
0,027	0,01026	0,02082	0,99743	0,027	0,02232	0,02534
0,028	0,01092	0,02237	0,99734	0,028	0,01674	0,02721
0,029	0,01158	0,02399	0,99725	0,029	0,01116	0,02918
0,03	2,08478E-10	0,02568	0,99715	0,03	0,00558	0,03121
0,031	0,0137	0,02741	0,99705	0,031	4,67982E-10	0,03331
0,032	0,01093	0,02921	0,99695	0,032	0,00923	0,03548
0,033	0,01015	0,03106	0,99686	0,033	0,01791	0,03771
0,034	0,02045	0,03297	0,99676	0,034	0,02973	0,04002
0,035	0,01586	0,03494	0,99666	0,035	0,0108	0,04239
0,036	0,02331	0,03696	0,99656	0,036	0,02016	0,04483
0,037	0,02596	0,03904	0,99646	0,037	0,00868	0,04733
0,038	0,01759	0,04118	0,99636	0,038	0,03228	0,0499
0,039	0,0375	0,04338	0,99626	0,039	0,05699	0,05255
0,04	0,03082	0,04563	0,99616	0,04	0,0198	0,05525
0,041	0,04186	0,04794	0,99606	0,041	0,07145	0,05803
0,042	0,02872	0,05031	0,99596	0,042	0,07007	0,06087
0,043	0,02437	0,05273	0,99586	0,043	0,06481	0,06378
0,044	0,04421	0,05522	0,99575	0,044	0,09116	0,06676
0,045	0,03984	0,05776	0,99565	0,045	0,065	0,0698
0,046	0,03804	0,06036	0,99555	0,046	0,08363	0,07291
0,047	0,05091	0,06301	0,99544	0,047	0,10029	0,07609
0,048	0,05271	0,06572	0,99534	0,048	0,10005	0,07933
0,049	0,05347	0,06849	0,99523	0,049	0,07609	0,08264
0,05	0,06079	0,07132	0,99513	0,05	0,12596	0,08601
0,051	0,05806	0,07421	0,99502	0,051	0,09038	0,08945
0,052	0,0645	0,07715	0,99492	0,052	0,10975	0,09296
0,053	0,06376	0,08015	0,99481	0,053	0,08243	0,09653
0,054	0,08782	0,08321	0,9947	0,054	0,11321	0,10018
0,055	0,06708	0,08633	0,9946	0,055	0,0982	0,10387
0,056	0,06598	0,0895	0,99449	0,056	0,10017	0,10765
0,057	0,07888	0,09273	0,99438	0,057	0,15218	0,11148
0,058	0,07407	0,09603	0,99427	0,058	0,11781	0,11539
0,059	0,09724	0,09937	0,99416	0,059	0,15081	0,11935
0,06	0,10033	0,10278	0,99405	0,06	0,16205	0,12338
0,061	0,0979	0,10624	0,99394	0,061	0,12106	0,12748
0,062	0,08764	0,10977	0,99382	0,062	0,18939	0,13164
0,063	0,10792	0,11335	0,99371	0,063	0,16015	0,13586
0,064	0,10701	0,11699	0,9936	0,064	0,16592	0,14015
0,065	0,11171	0,12069	0,99348	0,065	0,18427	0,14451
0,066	0,1216	0,12444	0,99337	0,066	0,14876	0,14893
0,067	0,1182	0,12826	0,99325	0,067	0,17282	0,15341
0,068	0,13754	0,13213	0,99314	0,068	0,18667	0,15795
0,069	0,12032	0,13606	0,99302	0,069	0,16461	0,16256
0,07	0,12972	0,14005	0,9929	0,07	0,20829	0,16723
0,071	0,12936	0,1441	0,99278	0,071	0,21316	0,17197
0,072	0,14805	0,1482	0,99266	0,072	0,16721	0,17676
0,073	0,15593	0,15237	0,99254	0,073	0,19669	0,18163
0,074	0,15579	0,15659	0,99242	0,074	0,21424	0,18655
0,075	0,14661	0,16087	0,99229	0,075	0,23636	0,19153
0,076	0,14072	0,16522	0,99217	0,076	0,23845	0,19658
0,077	0,17209	0,16962	0,99205	0,077	0,21842	0,20169
0,078	0,16339	0,17408	0,99192	0,078	0,23035	0,20686
0,079	0,16399	0,1786	0,99179	0,079	0,22465	0,21209
0,08	0,18055	0,18317	0,99166	0,08	0,25428	0,2174
0,081	0,17181	0,18782	0,99153	0,081	0,32706	0,22275
0,082	0,19855	0,1925	0,9914	0,082	0,24624	0,22817
0,083	0,19559	0,19726	0,99127	0,083	0,24075	0,23364
0,084	0,20983	0,20208	0,99114	0,084	0,2713	0,23918
0,085	0,20305	0,20695	0,99101	0,085	0,26691	0,24478
0,086	0,22041	0,21189	0,99087	0,086	0,29424	0,25044
0,087	0,22956	0,21687	0,99073	0,087	0,27766	0,25616
0,088	0,22919	0,22193	0,9906	0,088	0,26355	0,26194
0,089	0,21885	0,22704	0,99046	0,089	0,30197	0,26778
0,09	0,21534	0,23221	0,99032	0,09	0,30066	0,27367
0,091	0,24339	0,23744	0,99017	0,091	0,31037	0,27963
0,092	0,24754	0,24273	0,99003	0,092	0,32627	0,28565
0,093	0,24207	0,24808	0,98988	0,093	0,32065	0,29172
0,094	0,2584	0,25349	0,98974	0,094	0,32365	0,29784
0,095	0,27441	0,25897	0,98959	0,095	0,32092	0,30403
0,096	0,25176	0,2645	0,98944	0,096	0,32618	0,31028
0,097	0,26834	0,27008	0,98929	0,097	0,35008	0,31659
0,098	0,29934	0,27574	0,98913	0,098	0,33846	0,32294
0,099	0,26688	0,28145	0,98898	0,099	0,34085	0,32935
0,1	0,28499	0,28722	0,98882	0,1	0,35467	0,33583
0,101	0,28968	0,29305	0,98866	0,101	0,39384	0,34236
0,102	0,30388	0,29894	0,9885	0,102	0,382	0,34893
0,103	0,29702	0,3049	0,98833	0,103	0,38852	0,35558
0,104	0,30553	0,31091	0,98817	0,104	0,39006	0,36227
0,105	0,32367	0,31699	0,988	0,105	0,39493	0,36902
0,106	0,2873	0,32312	0,98783	0,106	0,38396	0,37581
0,107	0,32197	0,32932	0,98766	0,107	0,41274	0,38268
0,108	0,32336	0,33558	0,98748	0,108	0,36333	0,38958
0,109	0,33165	0,34189	0,98731	0,109	0,39826	0,39654
0,11	0,34956	0,34827	0,98713	0,11	0,42733	0,40355
0,111	0,3624	0,35471	0,98695	0,111	0,45086	0,41062
0,112	0,37147	0,36121	0,98676	0,112	0,42765	0,41774
0,113	0,37	0,36777	0,98657	0,113	0,45826	0,42491
0,114	0,37111	0,3744	0,98638	0,114	0,45196	0,43213
0,115	0,36194	0,38109	0,98619	0,115	0,44424	0,4394
0,116	0,40724	0,38783	0,98599	0,116	0,48095	0,44671
0,117	0,35159	0,39464	0,98579	0,117	0,47488	0,45408
0,118	0,3799	0,40151	0,98559	0,118	0,49086	0,4615
0,119	0,40198	0,40844	0,98538	0,119	0,43438	0,46897
0,12	0,44873	0,41544	0,98517	0,12	0,45047	0,47648
0,121	0,41781	0,42249	0,98496	0,121	0,49342	0,48404
0,122	0,43352	0,42961	0,98474	0,122	0,53863	0,49164
0,123	0,43349	0,43679	0,98452	0,123	0,48551	0,4993
0,124	0,43871	0,44403	0,98429	0,124	0,51678	0,507
0,125	0,44311	0,45133	0,98406	0,125	0,52491	0,51474
0,126	0,44996	0,45869	0,98383	0,126	0,53575	0,52253
0,127	0,46765	0,46612	0,98359	0,127	0,5487	0,53037
0,128	0,4877	0,47361	0,98335	0,128	0,56628	0,53824
0,129	0,50301	0,48116	0,9831	0,129	0,49965	0,54616
0,13	0,50221	0,48877	0,98284	0,13	0,56464	0,55412
0,131	0,47724	0,49645	0,98258	0,131	0,5713	0,56212
0,132	0,50759	0,50419	0,98232	0,132	0,60186	0,57015
0,133	0,47428	0,51198	0,98205	0,133	0,54806	0,57823
0,134	0,49904	0,51985	0,98177	0,134	0,59916	0,58635
0,135	0,53106	0,52777	0,98149	0,135	0,58143	0,5945
0,136	0,54821	0,53576	0,9812	0,136	0,61481	0,6027
0,137	0,56678	0,54381	0,9809	0,137	0,62155	0,61093
0,138	0,55777	0,55192	0,9806	0,138	0,62655	0,61919
0,139	0,56485	0,5601	0,98029	0,139	0,63171	0,62749
0,14	0,55363	0,56834	0,97997	0,14	0,65549	0,63582
0,141	0,57846	0,57664	0,97964	0,141	0,65575	0,64417
0,142	0,5804	0,58499	0,9793	0,142	0,63541	0,65257
0,143	0,56705	0,59341	0,97896	0,143	0,63135	0,66099
0,144	0,60033	0,6019	0,9786	0,144	0,66205	0,66944
0,145	0,64956	0,61045	0,97824	0,145	0,68118	0,67792
0,146	0,673	0,61907	0,97786	0,146	0,64324	0,68642
0,147	0,63111	0,62774	0,97747	0,147	0,65525	0,69495
0,148	0,63534	0,63647	0,97707	0,148	0,71385	0,7035
0,149	0,65641	0,64526	0,97666	0,149	0,72424	0,71207
0,15	0,66891	0,65411	0,97623	0,15	0,70207	0,72066
0,151	0,68307	0,66303	0,97579	0,151	0,67264	0,72927
0,152	0,69914	0,67201	0,97533	0,152	0,74308	0,73789
0,153	0,68728	0,68105	0,97486	0,153	0,72281	0,74653
0,154	0,6966	0,69015	0,97437	0,154	0,83396	0,75518
0,155	0,68616	0,6993	0,97386	0,155	0,77056	0,76384
0,156	0,72644	0,70852	0,97334	0,156	0,79062	0,77251
0,157	0,78489	0,71779	0,97279	0,157	0,7557	0,78118
0,158	0,77989	0,72713	0,97221	0,158	0,76898	0,78985
0,159	0,76849	0,73652	0,97161	0,159	0,80126	0,79853
0,16	0,77792	0,74597	0,97099	0,16	0,76848	0,8072
0,161	0,75513	0,75547	0,97034	0,161	0,87934	0,81587
0,162	0,76452	0,76503	0,96965	0,162	0,86121	0,82452
0,163	0,75231	0,77464	0,96893	0,163	0,81647	0,83315
0,164	0,8148	0,7843	0,96818	0,164	0,79226	0,84177
0,165	0,79269	0,79402	0,96738	0,165	0,83085	0,85036
0,166	0,81695	0,80378	0,96654	0,166	0,8116	0,85892
0,167	0,83185	0,81359	0,96565	0,167	0,85955	0,86746
0,168	0,86031	0,82345	0,9647	0,168	0,81905	0,87594
0,169	0,86534	0,83334	0,9637	0,169	0,89363	0,88438
0,17	0,91602	0,84327	0,96262	0,17	0,85654	0,89276
0,171	0,87677	0,85323	0,96147	0,171	0,85214	0,90108
0,172	0,87984	0,86323	0,96023	0,172	0,90622	0,90931
0,173	0,90345	0,87324	0,95889	0,173	0,93191	0,91746
0,174	0,90603	0,88327	0,95744	0,174	0,92109	0,92547
0,175	0,9162	0,89334	0,95585	0,175	0,91191	0,9334
0,176	0,89142	0,90331	0,95412	0,176	0,947	0,94124
0,177	0,8844	0,91338	0,9522	0,177	0,947	0,94881
0,178	0,91798	0,92327	0,95006	0,178	0,95573	0,95618
0,179	0,92092	0,93325	0,94765	0,179	0,94882	0,96338
0,18	0,93108	0,94305	0,94492	0,18	0,99109	0,9703
0,181	0,96077	0,95267	0,94177	0,181	0,93264	0,97685
0,182	0,96808	0,96212	0,93808	0,182	0,92318	0,98303
0,183	0,98448	0,97131	0,93365	0,183	0,98427	0,98865
0,184	0,92493	0,98005	0,92816	0,184	0,98445	0,99354
0,185	0,98787	0,98808	0,92104	0,185	1,09173	0,99751
0,186	0,93777	0,99497	0,91115	0,186	1,05891	1
0,187	1	0,99974	0,89625	0,187	0,96864	1,00018
0,188	0,98065	1	0,87243	0,188	0,92818	0,99585
0,189	0,99616	0,99135	0,8346	0,189	0,91418	0,98284
0,19	0,96933	0,96804	0,77922	0,19	0,89087	0,95637
0,191	0,95756	0,92848	0,70821	0,191	0,89291	0,91587
0,192	0,88811	0,87945	0,62988	0,192	0,8557	0,86862
0,193	0,81421	0,83296	0,55479	0,193	0,79919	0,82557
0,194	0,78801	0,79788	0,49007	0,194	0,83929	0,794
0,195	0,78636	0,776	0,43744	0,195	0,78385	0,77462